),00000,00000,00000,00000,00000,00000,00000
!,00100,00000,00100,00100,00100,00100,00100
",00000,00000,00000,00000,01010,01010,01010
#,01010,01010,11111,01010,11111,01010,01010
$,00100,11110,00101,01110,10100,01111,00100
%,00011,10011,01000,00100,00010,11001,11000
&,01101,10010,10101,01000,10100,10010,01100
',00000,00000,00000,00000,01000,00100,01100
(,00010,00100,01000,01000,01000,00100,00010
),01000,00100,00010,00010,00010,00100,01000
*,00000,01010,00100,11111,00100,01010,00000
+,00000,00100,00100,11111,00100,00100,00000
-,00000,00000,00000,11111,00000,00000,00000
.,01100,01100,00000,00000,00000,00000,00000
/,00000,10000,01000,00100,00010,00001,00000
0,01110,10001,11001,10101,10011,10001,01110
1,01110,00100,00100,00100,00100,01100,00100
2,11111,01000,00100,00010,00001,10001,01110
3,01110,10001,00001,00010,00100,00010,11111
4,00010,00010,11111,10010,01010,00110,00010
5,01110,10001,00001,00001,11110,10000,11111
6,01110,10001,10001,11110,10000,01000,00110
7,01000,01000,01000,00100,00010,00001,11111
8,01110,10001,10001,01110,10001,10001,01110
9,01100,00010,00001,01111,10001,10001,01110
:,00000,01100,01100,00000,01100,01100,00000
;,01000,00100,01100,00000,01100,01100,00000
<,00001,00010,00100,01000,00100,00010,00001
=,00000,00000,11111,00000,11111,00000,00000
>,10000,01000,00100,00010,00100,01000,10000
?,00100,00000,00100,00010,00001,10001,01110
@,01110,10101,10101,01101,00001,10001,01110
A,10001,10001,11111,10001,10001,10001,01110
B,11110,10001,10001,11110,10001,10001,11110
C,01110,10001,10000,10000,10000,10001,01110
D,11100,10010,10001,10001,10001,10010,11100
E,11111,10000,10000,11110,10000,10000,11111
F,10000,10000,10000,11100,10000,10000,11111
G,01110,10001,10011,10000,10000,10001,01110
H,10001,10001,10001,11111,10001,10001,10001
I,01110,00100,00100,00100,00100,00100,01110
J,01100,10010,00010,00010,00010,00010,00111
K,10001,10010,10100,11000,10100,10010,10001
L,11111,10000,10000,10000,10000,10000,10000
M,10001,10001,10001,10001,10101,11011,10001
N,10001,10001,10011,10101,11001,10001,10001
O,01110,10001,10001,10001,10001,10001,01110
P,10000,10000,10000,11110,10001,10001,11110
Q,01101,10010,10101,10001,10001,10001,01110
R,10001,10010,10100,11110,10001,10001,11110
S,11110,00001,00001,01110,10000,10000,01111
T,00100,00100,00100,00100,00100,00100,11111
U,01110,10001,10001,10001,10001,10001,10001
V,00100,01010,10001,10001,10001,10001,10001
W,10001,11011,10101,10101,10001,10001,10001
X,10001,10001,01010,00100,01010,10001,10001
Y,00100,00100,00100,00100,01010,10001,10001
Z,11111,10000,01000,00100,00010,00001,11111
[,00111,00100,00100,00100,00100,00100,00111
",00000,00001,00010,00100,01000,10000,00000
],11100,00100,00100,00100,00100,00100,11100
^,00000,00000,00000,00000,10001,01010,00100
_,11111,00000,00000,00000,00000,00000,00000
`,00000,00000,00000,00000,00010,00100,01000
a,01111,10001,01111,00001,01110,00000,00000
b,11110,10001,10001,11001,10110,10000,10000
c,01110,10001,10000,10000,01110,00000,00000
d,01111,10001,10001,10011,01101,00001,00001
e,01110,10000,11111,10001,01110,00000,00000
f,01000,01000,01000,11100,01000,01001,00110
g,00110,00001,01111,10001,01111,00000,00000
h,10001,10001,10001,11001,10110,10000,10000
i,01110,00100,00100,00100,01100,00000,00100
j,01100,10010,00010,00010,00110,00000,00010
k,01001,01010,01100,01010,01001,01000,01000
l,01110,00100,00100,00100,00100,00100,01100
m,10001,10001,10101,10101,11010,00000,00000
n,10001,10001,10001,11001,10110,00000,00000
o,01110,10001,10001,10001,01110,00000,00000
p,10000,10000,11110,10001,11110,00000,00000
q,00001,00001,01111,10011,01101,00000,00000
r,10000,10000,10000,11001,10110,00000,00000
s,11110,00001,01110,10000,01110,00000,00000
t,00110,01001,01000,01000,11100,01000,01000
u,01101,10011,10001,10001,10001,00000,00000
v,00100,01010,10001,10001,10001,00000,00000
w,01010,10101,10101,10001,10001,00000,00000
x,10001,01010,00100,01010,10001,00000,00000
y,01110,00001,01111,10001,10001,00000,00000
z,11111,01000,00100,00010,11111,00000,00000
{,00010,00100,00100,01000,00100,00100,00010
|,00100,00100,00100,00100,00100,00100,00100
},01000,00100,00100,00010,00100,00100,01000
>,00000,00100,00010,11111,00010,00100,00000
-,00000,00100,01000,11111,01000,00100,00000
